23
22
9
13
9
11
0
29
29
16
17
22
27
11
3
0
26
10
29
17
0
6
29
17
3
18
17
18
17
13
2
27
18
5
29
11
29
0
29
3
8
0
20
29
9
19
0
28
6
8
5
16
19
29
29
7
15
10
2
5
29
13
17
17
29
4
25
3
17
7
0
3
12
7
23
21
29
14
29
29
26
21
10
27
26
10
26
26
22
20
29
0
29
25
11
29
0
6
14
13
29
0
29
25
6
27
1
0
7
7
13
25
24
8
29
26
1
3
29
19
3
0
0
20
29
24
0
24
21
0
18
10
5
15
21
25
17
21
23
10
16
0
1
7
6
11
20
11
9
29
21
8
22
7
22
7
2
23
21
20
2
12
26
13
26
11
0
29
8
22
24
14
6
22
2
26
21
9
13
7
13
8
13
17
0
29
14
15
17
15
24
15
4
7
0
20
29
9
22
10
5
24
6
21
4
22
5
18
6
27
28
19
8
29
29
17
21
6
27
24
17
29
13
29
7
0
1
0
29
29
2
9
13
26
20
17
22
3
20
7
18
21
2
4
10
29
18
24
2
0
8
8
18
5
14
2
0
8
10
7
29
28
8
26
7
29
0
9
7
29
14
6
3
14
11
16
26
1
29
23
0
29
15
26
15
13
5
14
0
13
20
3
14
1
29
8
8
24
15
8
13
0
4
18
25
21
3
26
15
0
22
0
0
8
17
7
7
0
16
20
0
25
0
0
11
25
26
25
29
23
0
0
23
24
12
3
12
16
27
17
4
15
24
1
17
14
29
10
4
22
21
2
15
7
26
22
11
16
27
28
0
25
8
17
9
29
15
2
6
25
29
26
6
0
4
9
26
8
10
15
0
19
29
24
2
0
10
28
12
10
29
29
0
17
1
10
10
9
12
17
11
24
26
25
13
4
13
7
2
0
26
29
22
13
3
4
0
14
0
29
2
7
27
17
9
25
7
25
29
7
24
0
2
3
24
11
22
17
11
29
29
0
29
13
17
3
1
15
22
7
29
28
13
6
10
21
28
13
5
21
12
0
0
21
2
0
0
11
25
21
8
25
0
29
23
27
2
29
11
0
0
22
12
9
4
19
24
0
15
22
7
13
21
16
24
1
25
26
15
13
29
19
4
6
29
25
19
26
27
17
0
20
18
13
0
24
10
22
10
1
0
29
8
0
0
6
8
15
20
0
3
3
11
9
18
0
20
13
22
15
25
7
5
21
9
11
14
5
22
0
29
0
8
3
11
29
0
25
25
29
14
20
0
8
0
2
0
28
10
18
0
17
14
29
21
22
29
25
29
26
0
15
22
26
0
28
17
0
8
28
29
9
22
2
29
15
26
14
11
17
29
7
24
21
14
13
9
25
22
13
29
10
29
6
29
8
20
2
27
14
24
1
13
13
0
16
0
25
29
7
12
0
26
0
26
29
23
28
9
8
1
22
6
16
0
29
21
7
10
29
29
11
29
29
17
29
29
29
20
13
27
6
26
0
14
27
29
18
7
0
22
13
2
11
26
10
9
0
29
22
4
0
24
29
6
29
13
24
24
3
25
8
23
25
28
25
13
11
20
0
28
6
25
17
3
22
0
0
28
15
13
27
26
26
10
26
23
29
27
22
0
29
24
0
11
18
28
19
14
24
29
24
3
25
29
29
8
13
16
29
18
29
11
10
6
21
14
25
7
5
17
0
0
14
24
29
14
29
29
18
8
27
18
25
7
4
10
18
26
10
29
7
25
29
26
0
23
1
21
29
13
4
2
15
3
5
10
5
0
29
0
29
11
21
10
6
29
18
16
10
29
20
8
26
29
29
15
29
21
2
27
23
0
25
29
8
1
27
22
26
10
13
26
27
26
2
8
29
26
23
0
29
7
10
13
11
6
7
12
4
8
8
14
5
15
0
18
21
27
0
26
8
9
1
12
0
29
15
9
17
10
0
11
29
13
6
6
13
13
4
21
3
22
22
22
7
10
29
24
12
13
2
16
13
14
21
22
0
25
29
6
29
2
5
0
29
25
21
29
0
17
25
7
22
16
0
15
27
12
29
19
16
10
13
13
27
10
0
24
13
17
24
26
20
0
3
23
25
29
15
15
0
14
23
10
24
5
6
10
12
16
6
29
9
0
5
22
26
0
22
6
5
27
0
29
11
29
1
28
7
0
26
29
3
13
4
5
13
21
2
0
2
6
0
26
2
0
17
9
29
2
17
9
13
0
11
0
10
29
14
0
0
0
28
13
29
13
28
19
3
