50
180720997
126366421
729446012
974201208
293200520
218934554
174388086
215698208
362761424
792706490
482939934
643827549
812050988
127837425
182251790
322765463
874469887
527610035
271398331
258793227
793821886
222205363
409494711
217711638
233612258
723963228
962901443
81765086
41007457
657297419
631391406
693104506
445132711
98947862
440872462
925643984
765829979
822813347
479607850
533020436
405298457
390192476
661499476
294215353
819762995
910416223
383911715
556994950
230853846
999487517
